! Touchstone file from project TX 4input
! Exported from HFSS 2014.0.0
! Variables:
!  tune1 = -2mm
!  tune2 = -1.8mm
# GHZ S MA R 50.000000
1.88            0.995996455972774 34.936029862175  0.0123831814654201 -53.4247018255171 0.00347200352944151 -55.6138147973439 0.000405392236864525 -59.3165494277431 
                0.0883273414189325 -71.6369014491555 0.00108200956603777 106.599625379759 0.00205152025752085 105.428079414978 0.00423711041302453 116.717724990155 
                5.2073902986813E-005 104.188235621122 0.000106826782283381 -54.0280923548644 
                0.0123821954041944 -53.4244389434417 0.996023552281517 34.7926526492632 0.000432394435926846 -59.1864773959768 0.0037078423990171 -55.3898334457686 
                0.00423667053227727 116.665435095425 5.21658049464057E-005 104.247984732303 0.000112135907865046 -55.4650661698624 0.0880085789310715 -71.7031066439904 
                0.00109573295580564 106.607816425904 0.00233337405868905 105.605357121357 
                0.003470183228691 -55.6126921747784 0.000431703271273029 -59.1966166461913 0.995501502671068 35.1595063859046 0.0133963955603252 -52.8007401475916 
                0.00139457675323115 112.231654084505 0.000912341921689568 -74.0153793854461 0.0936209301771203 108.489314249494 0.00018215449445302 110.039728950749 
                5.57590153312508E-005 -74.5015508018961 0.00427934845057591 -62.0743771032145 
                0.000405705072585591 -59.3205050335107 0.00371597596874199 -55.3873881451115 0.0134005920437894 -52.8015282873151 0.995445464169728 35.8530240574348 
                0.000163641709367255 110.136821616014 5.34449978467496E-005 -74.2936800215022 0.0042652492025305 -61.7475601662945 0.00157925679503644 112.193934573853 
                0.000923636010812512 -73.7092856351736 0.0941988029088802 108.84032671283  
                0.0883324577384627 -71.6369053149037 0.00423680720328917 116.666143868943 0.00139450125872672 112.235081725089 0.000163686393361289 110.139847569452 
                0.996078759939505 1.74747510779361 0.000863149915827974 88.6592050371262 0.00126379250762106 -87.067406752858 0.00163326266859371 -75.1230337255252 
                1.9936593028126E-005 -85.8998475781997 3.9054282920354E-005 116.300495604179 
                0.00108349787382372 106.601402095395 5.25560305139547E-005 104.267410245787 0.000910099105523948 -74.0220013404157 5.40001233104559E-005 -74.2376046430177 
                0.000863288335499016 88.6556889935813 0.999998206152947 2.07248099911002 0.000913018004808825 89.2954113517521 1.9767219494452E-005 -85.7127015144936 
                5.62714591330959E-007 -95.321784852488 1.92578674268977E-005 -84.3202237605028 
                0.00204964920632172 105.428053330778 0.000112401431876751 -55.536405977872 0.0936102866871284 108.489323438765 0.00426531646027428 -61.7513972790785 
                0.00126343220812418 -87.0708814211623 0.000912883316103008 89.2884871094822 0.995594795587194 1.78630081905218 4.53455181293438E-005 112.83431328501  
                1.97625421129417E-005 -84.2121507741344 0.0015093423693373 -72.9259350039631 
                0.00423727757771439 116.716477376822 0.0880048038002885 -71.7031010280263 0.000182274507173351 110.047904372785 0.00157764906842134 112.184454365979 
                0.00163328007175288 -75.123764480801 1.97900635415621E-005 -85.7583743816333 4.52679451936065E-005 112.873838482701 0.996106859337028 1.75710971354284 
                0.000849409276566185 88.5716651333454 0.00144109680932005 -87.0790662462386 
                4.06765598904465E-005 102.98761503288  0.00109448465237158 106.609769535233 5.30999801651826E-005 -74.6875972493041 0.000923490466151066 -73.7087263534431 
                2.00296595400441E-005 -87.3572197087412 1.91691016203688E-007 111.765208449732 1.96190352265187E-005 -84.5155927425034 0.000849367521609264 88.5734239355149 
                0.999998173748783 2.07663723668329 0.000934257459730779 89.3135076646729 
                0.000106932990602769 -54.0327278942473 0.00233358301173911 105.596320260163 0.00427870185190703 -62.0704613312782 0.0941975741056277 108.840324939213 
                3.90529612803299E-005 116.305358710623 1.91792086349567E-005 -84.3971061569437 0.0015093406178127 -72.9266220330777 0.00144129956165379 -87.0816691569723 
                0.000934368960615791 89.313842263095  0.995538901641357 1.79618144513342